toa_extractor/data/crab_512.ecsv
# %ECSV 0.9
# ---
# datatype:
# - {name: phase, datatype: float64}
# - {name: profile, datatype: float64}
# - {name: profile_raw, datatype: float64}
# meta: !!omap
# - {PEPOCH: 56521.0}
# - {F0: 29.6859809624148}
# - {F1: -3.70186e-10}
# - {F2: 2.1e-20}
# - {RAJ: 5.575548055555555}
# - {DECJ: 22.01446111111111}
# - {mjd: 56537.23936180533}
# schema: astropy-2.0
phase profile profile_raw
0.0009765625 111306.50800760547 111306.50800760547
0.0029296875 111046.66594111575 111046.66594111575
0.0048828125 110469.0446530729 110469.0446530729
0.0068359375 109454.7202865427 109454.7202865427
0.0087890625 108036.87606313525 108036.87606313525
0.0107421875 106992.19049824719 106992.19049824719
0.0126953125 106275.6594156463 106275.6594156463
0.0146484375 105613.25687027698 105613.25687027698
0.0166015625 105013.09739689615 105013.09739689615
0.0185546875 104464.06097016459 104464.06097016459
0.0205078125 103972.72525911387 103972.72525911387
0.0224609375 103534.74965676601 103534.74965676601
0.0244140625 103150.21984819228 103150.21984819228
0.0263671875 102847.57660285066 102847.57660285066
0.0283203125 102595.30906750413 102595.30906750413
0.0302734375 102355.39960464864 102355.39960464864
0.0322265625 102121.43642734397 102121.43642734397
0.0341796875 101991.57748651368 101991.57748651368
0.0361328125 101885.71029135182 101885.71029135182
0.0380859375 101751.62016794548 101751.62016794548
0.0400390625 101641.38767264473 101641.38767264473
0.0419921875 101494.67464857642 101494.67464857642
0.0439453125 101404.1059578278 101404.1059578278
0.0458984375 101296.85568200237 101296.85568200237
0.0478515625 101148.882789513 101148.882789513
0.0498046875 100939.11080520441 100939.11080520441
0.0517578125 100780.50518449505 100780.50518449505
0.0537109375 100652.7242256441 100652.7242256441
0.0556640625 100571.91346232276 100571.91346232276
0.0576171875 100485.14553877749 100485.14553877749
0.0595703125 100446.09234022404 100446.09234022404
0.0615234375 100411.120694057 100411.120694057
0.0634765625 100340.69069242247 100340.69069242247
0.0654296875 100235.14878738816 100235.14878738816
0.0673828125 100186.25898986447 100186.25898986447
0.0693359375 100122.22331133387 100122.22331133387
0.0712890625 100110.8715675042 100110.8715675042
0.0732421875 100043.07600522896 100043.07600522896
0.0751953125 99959.1074544362 99959.1074544362
0.0771484375 99943.14574309262 99943.14574309262
0.0791015625 99921.9438797386 99921.9438797386
0.0810546875 99880.10269389354 99880.10269389354
0.0830078125 99894.36006456208 99894.36006456208
0.0849609375 99896.89528849148 99896.89528849148
0.0869140625 99934.56041087623 99934.56041087623
0.0888671875 99862.4850594542 99862.4850594542
0.0908203125 99793.36338979089 99793.36338979089
0.0927734375 99749.3061151505 99749.3061151505
0.0947265625 99747.5810569207 99747.5810569207
0.0966796875 99725.91812070787 99725.91812070787
0.0986328125 99692.69808863041 99692.69808863041
0.1005859375 99660.17875531067 99660.17875531067
0.1025390625 99596.7490039622 99596.7490039622
0.1044921875 99550.72876144014 99550.72876144014
0.1064453125 99428.57684802891 99428.57684802891
0.1083984375 99364.0408221626 99364.0408221626
0.1103515625 99382.06793988898 99382.06793988898
0.1123046875 99375.2394113666 99375.2394113666
0.1142578125 99423.67071040222 99423.67071040222
0.1162109375 99408.90991745517 99408.90991745517
0.1181640625 99432.90205132247 99432.90205132247
0.1201171875 99461.41403440517 99461.41403440517
0.1220703125 99500.95156709557 99500.95156709557
0.1240234375 99481.00990928258 99481.00990928258
0.1259765625 99478.86016161178 99478.86016161178
0.1279296875 99456.3376052208 99456.3376052208
0.1298828125 99426.17689604293 99426.17689604293
0.1318359375 99421.45747691087 99421.45747691087
0.1337890625 99394.69561641727 99394.69561641727
0.1357421875 99439.6514281613 99439.6514281613
0.1376953125 99441.87034161338 99441.87034161338
0.1396484375 99396.71020962583 99396.71020962583
0.1416015625 99455.9022760691 99455.9022760691
0.1435546875 99506.31402214627 99506.31402214627
0.1455078125 99526.2772300982 99526.2772300982
0.1474609375 99493.39149333783 99493.39149333783
0.1494140625 99474.40108082556 99474.40108082556
0.1513671875 99425.05464408152 99425.05464408152
0.1533203125 99392.39067607728 99392.39067607728
0.1552734375 99320.81468106258 99320.81468106258
0.1572265625 99345.35900723125 99345.35900723125
0.1591796875 99362.57934067355 99362.57934067355
0.1611328125 99387.88165045615 99387.88165045615
0.1630859375 99414.91231305014 99414.91231305014
0.1650390625 99382.2317240096 99382.2317240096
0.1669921875 99373.55330581738 99373.55330581738
0.1689453125 99410.56538594977 99410.56538594977
0.1708984375 99486.51031791285 99486.51031791285
0.1728515625 99476.66937724594 99476.66937724594
0.1748046875 99442.20090307138 99442.20090307138
0.1767578125 99421.25802958333 99421.25802958333
0.1787109375 99398.41384541366 99398.41384541366
0.1806640625 99410.13568057222 99410.13568057222
0.1826171875 99419.5533722198 99419.5533722198
0.1845703125 99444.47110473042 99444.47110473042
0.1865234375 99500.16873365328 99500.16873365328
0.1884765625 99551.40669438391 99551.40669438391
0.1904296875 99558.05473091545 99558.05473091545
0.1923828125 99561.80515486935 99561.80515486935
0.1943359375 99628.20585260555 99628.20585260555
0.1962890625 99653.03681758595 99653.03681758595
0.1982421875 99695.81992685368 99695.81992685368
0.2001953125 99675.65323124237 99675.65323124237
0.2021484375 99671.61526949017 99671.61526949017
0.2041015625 99655.59563480562 99655.59563480562
0.2060546875 99635.7132181662 99635.7132181662
0.2080078125 99624.7977944166 99624.7977944166
0.2099609375 99622.68623835254 99622.68623835254
0.2119140625 99609.73254637803 99609.73254637803
0.2138671875 99602.9231008893 99602.9231008893
0.2158203125 99565.3650702829 99565.3650702829
0.2177734375 99602.67900559673 99602.67900559673
0.2197265625 99690.8863701358 99690.8863701358
0.2216796875 99819.04122568501 99819.04122568501
0.2236328125 99856.63485309592 99856.63485309592
0.2255859375 99903.72353608055 99903.72353608055
0.2275390625 99991.85738292591 99991.85738292591
0.2294921875 100078.94126961273 100078.94126961273
0.2314453125 100082.86840061961 100082.86840061961
0.2333984375 100121.19763913708 100121.19763913708
0.2353515625 100162.69240356174 100162.69240356174
0.2373046875 100177.77530953591 100177.77530953591
0.2392578125 100174.83768183897 100174.83768183897
0.2412109375 100169.69296542837 100169.69296542837
0.2431640625 100216.22849072258 100216.22849072258
0.2451171875 100300.13647229335 100300.13647229335
0.2470703125 100346.26818404558 100346.26818404558
0.2490234375 100399.58070447708 100399.58070447708
0.2509765625 100480.459193158 100480.459193158
0.2529296875 100524.47287205634 100524.47287205634
0.2548828125 100635.50734512761 100635.50734512761
0.2568359375 100675.58358532048 100675.58358532048
0.2587890625 100706.9111126987 100706.9111126987
0.2607421875 100760.92952149242 100760.92952149242
0.2626953125 100780.92462303703 100780.92462303703
0.2646484375 100802.9915311361 100802.9915311361
0.2666015625 100888.0877380256 100888.0877380256
0.2685546875 100964.73048279516 100964.73048279516
0.2705078125 101021.40533568824 101021.40533568824
0.2724609375 101052.47223867942 101052.47223867942
0.2744140625 101084.32431452119 101084.32431452119
0.2763671875 101130.00757498213 101130.00757498213
0.2783203125 101201.0993737726 101201.0993737726
0.2802734375 101220.64072204815 101220.64072204815
0.2822265625 101305.66414167058 101305.66414167058
0.2841796875 101324.12127124725 101324.12127124725
0.2861328125 101343.38786163626 101343.38786163626
0.2880859375 101380.61689379546 101380.61689379546
0.2900390625 101416.05503738816 101416.05503738816
0.2919921875 101497.03510644667 101497.03510644667
0.2939453125 101519.02693384122 101519.02693384122
0.2958984375 101552.68195284254 101552.68195284254
0.2978515625 101646.89721926946 101646.89721926946
0.2998046875 101753.67641590239 101753.67641590239
0.3017578125 101861.52592758919 101861.52592758919
0.3037109375 101915.74501981704 101915.74501981704
0.3056640625 102013.37052549698 102013.37052549698
0.3076171875 102119.0264690243 102119.0264690243
0.3095703125 102250.57270553948 102250.57270553948
0.3115234375 102371.68166169347 102371.68166169347
0.3134765625 102423.90581072091 102423.90581072091
0.3154296875 102464.59871996412 102464.59871996412
0.3173828125 102464.52418580266 102464.52418580266
0.3193359375 102562.21111882816 102562.21111882816
0.3212890625 102558.70854445743 102558.70854445743
0.3232421875 102675.10108491182 102675.10108491182
0.3251953125 102762.8236760364 102762.8236760364
0.3271484375 102865.82390078301 102865.82390078301
0.3291015625 102954.51802059342 102954.51802059342
0.3310546875 103020.02390486933 103020.02390486933
0.3330078125 103157.2471702338 103157.2471702338
0.3349609375 103259.48651519947 103259.48651519947
0.3369140625 103377.47549239789 103377.47549239789
0.3388671875 103506.42274333777 103506.42274333777
0.3408203125 103552.90224031391 103552.90224031391
0.3427734375 103621.3336415071 103621.3336415071
0.3447265625 103773.86602545613 103773.86602545613
0.3466796875 103942.29674730149 103942.29674730149
0.3486328125 104061.42880128154 104061.42880128154
0.3505859375 104215.67625245018 104215.67625245018
0.3525390625 104346.20656770848 104346.20656770848
0.3544921875 104537.10636645804 104537.10636645804
0.3564453125 104702.52977892946 104702.52977892946
0.3583984375 104921.47673872022 104921.47673872022
0.3603515625 105145.39153420078 105145.39153420078
0.3623046875 105332.70808474833 105332.70808474833
0.3642578125 105517.16334994938 105517.16334994938
0.3662109375 105692.98693404549 105692.98693404549
0.3681640625 105845.28920296507 105845.28920296507
0.3701171875 106005.46880107718 106005.46880107718
0.3720703125 106253.45569426124 106253.45569426124
0.3740234375 106435.77419091045 106435.77419091045
0.3759765625 106635.53849807785 106635.53849807785
0.3779296875 106812.58000980555 106812.58000980555
0.3798828125 107021.86006456199 107021.86006456199
0.3818359375 107240.15980508176 107240.15980508176
0.3837890625 107454.35195325107 107454.35195325107
0.3857421875 107720.55659529098 107720.55659529098
0.3876953125 108005.67904645964 108005.67904645964
0.3896484375 108301.95401376924 108301.95401376924
0.3916015625 108533.77433903891 108533.77433903891
0.3935546875 108800.5029727836 108800.5029727836
0.3955078125 109063.94526908139 109063.94526908139
0.3974609375 109272.72689706439 109272.72689706439
0.3994140625 109491.50161408792 109491.50161408792
0.4013671875 109549.85911449653 109549.85911449653
0.4033203125 109430.02304674563 109430.02304674563
0.4052734375 109165.87267591366 109165.87267591366
0.4072265625 108754.14115621767 108754.14115621767
0.4091796875 108257.45783446217 108257.45783446217
0.4111328125 107584.28513198587 107584.28513198587
0.4130859375 106834.15530504081 106834.15530504081
0.4150390625 106097.23555491827 106097.23555491827
0.4169921875 105341.55806125203 105341.55806125203
0.4189453125 104557.9931605492 104557.9931605492
0.4208984375 103923.46561376104 103923.46561376104
0.4228515625 103298.90789473521 103298.90789473521
0.4248046875 102787.59189073065 102787.59189073065
0.4267578125 102401.52351156263 102401.52351156263
0.4287109375 101974.65734308439 101974.65734308439
0.4306640625 101533.22447593011 101533.22447593011
0.4326171875 101194.43347499028 101194.43347499028
0.4345703125 100933.12920378234 100933.12920378234
0.4365234375 100666.1558362603 100666.1558362603
0.4384765625 100399.43832747477 100399.43832747477
0.4404296875 100162.26304041198 100162.26304041198
0.4423828125 99982.68738251727 99982.68738251727
0.4443359375 99843.78615356173 99843.78615356173
0.4462890625 99717.30838815637 99717.30838815637
0.4482421875 99586.42604302724 99586.42604302724
0.4501953125 99413.31833830346 99413.31833830346
0.4521484375 99284.76429184224 99284.76429184224
0.4541015625 99174.54047993475 99174.54047993475
0.4560546875 99000.56435415834 99000.56435415834
0.4580078125 98850.33939808611 98850.33939808611
0.4599609375 98740.57778787853 98740.57778787853
0.4619140625 98692.01771922864 98692.01771922864
0.4638671875 98545.98627512925 98545.98627512925
0.4658203125 98420.40206664611 98420.40206664611
0.4677734375 98378.82647004591 98378.82647004591
0.4697265625 98317.26591103969 98317.26591103969
0.4716796875 98291.13848990534 98291.13848990534
0.4736328125 98249.87328885925 98249.87328885925
0.4755859375 98167.32850808938 98167.32850808938
0.4775390625 98151.51729527474 98151.51729527474
0.4794921875 98095.93574799622 98095.93574799622
0.4814453125 98057.24362536627 98057.24362536627
0.4833984375 97949.24098459315 97949.24098459315
0.4853515625 97994.31530422375 97994.31530422375
0.4873046875 98008.2817710021 98008.2817710021
0.4892578125 98038.30461854217 98038.30461854217
0.4912109375 97946.70845762354 97946.70845762354
0.4931640625 97882.03854404888 97882.03854404888
0.4951171875 97937.15563705312 97937.15563705312
0.4970703125 97867.96243155295 97867.96243155295
0.4990234375 97836.06938031073 97836.06938031073
0.5009765625 97835.35231080271 97835.35231080271
0.5029296875 97829.1711701113 97829.1711701113
0.5048828125 97808.06962548889 97808.06962548889
0.5068359375 97744.55029216917 97744.55029216917
0.5087890625 97745.42683474845 97745.42683474845
0.5107421875 97765.64326577165 97765.64326577165
0.5126953125 97786.76858756799 97786.76858756799
0.5146484375 97754.23342493315 97754.23342493315
0.5166015625 97732.7911388511 97732.7911388511
0.5185546875 97611.99505046435 97611.99505046435
0.5205078125 97583.36408957027 97583.36408957027
0.5224609375 97577.98805777884 97577.98805777884
0.5244140625 97533.8201924634 97533.8201924634
0.5263671875 97526.36883989719 97526.36883989719
0.5283203125 97511.88679408972 97511.88679408972
0.5302734375 97465.77195365986 97465.77195365986
0.5322265625 97459.8228587759 97459.8228587759
0.5341796875 97482.38246771676 97482.38246771676
0.5361328125 97570.08356999689 97570.08356999689
0.5380859375 97573.67836711198 97573.67836711198
0.5400390625 97563.60381251895 97563.60381251895
0.5419921875 97591.97809741598 97591.97809741598
0.5439453125 97664.8643705036 97664.8643705036
0.5458984375 97643.719822653 97643.719822653
0.5478515625 97671.01663635844 97671.01663635844
0.5498046875 97685.33797809592 97685.33797809592
0.5517578125 97711.21181860755 97711.21181860755
0.5537109375 97726.55429674582 97726.55429674582
0.5556640625 97709.21515405213 97709.21515405213
0.5576171875 97695.2613752437 97695.2613752437
0.5595703125 97673.11332849639 97673.11332849639
0.5615234375 97614.34237597925 97614.34237597925
0.5634765625 97572.96258989719 97572.96258989719
0.5654296875 97496.62909651699 97496.62909651699
0.5673828125 97470.61300159218 97470.61300159218
0.5693359375 97436.88856141563 97436.88856141563
0.5712890625 97451.64448144671 97451.64448144671
0.5732421875 97392.45664943459 97392.45664943459
0.5751953125 97363.77363415186 97363.77363415186
0.5771484375 97340.4104639982 97340.4104639982
0.5791015625 97332.55994095144 97332.55994095144
0.5810546875 97387.24274170332 97387.24274170332
0.5830078125 97398.42162982037 97398.42162982037
0.5849609375 97322.29065871052 97322.29065871052
0.5869140625 97287.66355426463 97287.66355426463
0.5888671875 97377.0882743529 97377.0882743529
0.5908203125 97385.54034712995 97385.54034712995
0.5927734375 97429.02977892957 97429.02977892957
0.5947265625 97428.5059404611 97428.5059404611
0.5966796875 97437.49549484978 97437.49549484978
0.5986328125 97440.022745381 97440.022745381
0.6005859375 97411.29153726561 97411.29153726561
0.6025390625 97396.07073900636 97396.07073900636
0.6044921875 97352.10847090404 97352.10847090404
0.6064453125 97355.57579069812 97355.57579069812
0.6083984375 97436.52138668536 97436.52138668536
0.6103515625 97448.66429490701 97448.66429490701
0.6123046875 97412.24853403743 97412.24853403743
0.6142578125 97464.64855242579 97464.64855242579
0.6162109375 97522.27009439211 97522.27009439211
0.6181640625 97474.06956930223 97474.06956930223
0.6201171875 97483.66383519792 97483.66383519792
0.6220703125 97480.94912042186 97480.94912042186
0.6240234375 97447.32794622277 97447.32794622277
0.6259765625 97465.98561110509 97465.98561110509
0.6279296875 97476.98626491355 97476.98626491355
