toa_extractor/data/crab_nustar_cr250.ecsv
# %ECSV 0.9
# ---
# datatype:
# - {name: phase, datatype: float64}
# - {name: profile, datatype: int64}
# - {name: profile_raw, datatype: float64}
# - {name: expo, datatype: float64}
# meta: !!omap
# - {PEPOCH: 56521.0}
# - {F0: 29.6859809624148}
# - {F1: -3.70186e-10}
# - {F2: 2.1e-20}
# - {RAJ: 5.575548055555555}
# - {DECJ: 22.01446111111111}
# - {mjd: 56537.23936180533}
# schema: astropy-2.0
phase profile profile_raw expo
[from data line 280]
0.5478515625 95220 97671.01663635844 0.394287346945536
0.5498046875 95625 97685.33797809592 0.3970016772672169
0.5517578125 94874 97711.21181860755 0.3950581298510943
0.5537109375 95655 97726.55429674582 0.3961378065093242
0.5556640625 95565 97709.21515405213 0.3965895745060527
0.5576171875 95774 97695.2613752437 0.39738105413400937
0.5595703125 95728 97673.11332849639 0.3980026692055995
0.5615234375 95641 97614.34237597925 0.3980083146413427
0.5634765625 95025 97572.96258989719 0.3984493913714374
0.5654296875 95338 97496.62909651699 0.4003308866755127
0.5673828125 95112 97470.61300159218 0.3994137631283884
0.5693359375 95476 97436.88856141563 0.4005907576634863
0.5712890625 95221 97451.64448144671 0.4010808260779829
0.5732421875 95195 97392.45664943459 0.40129077404287966
0.5751953125 95432 97363.77363415186 0.40296761716556245
0.5771484375 95921 97340.4104639982 0.4041144080114256
0.5791015625 96043 97332.55994095144 0.40375916459272215
0.5810546875 95799 97387.24274170332 0.40351712227791586
0.5830078125 96250 97398.42162982037 0.40575861051389067
0.5849609375 95653 97322.29065871052 0.4045448009270616
0.5869140625 96104 97287.66355426463 0.40332043545043267
0.5888671875 96181 97377.0882743529 0.4052695448454868
0.5908203125 96551 97385.54034712995 0.40617651141952066
0.5927734375 96161 97429.02977892957 0.40329561563173655
0.5947265625 96149 97428.5059404611 0.4037109038767567
0.5966796875 96182 97437.49549484978 0.4042058725882842
0.5986328125 96123 97440.022745381 0.40400036985978954
0.6005859375 95618 97411.29153726561 0.40364222755057244
0.6025390625 95878 97396.07073900636 0.40371554050924463
0.6044921875 95519 97352.10847090404 0.40347127475785977
0.6064453125 95786 97355.57579069812 0.4032653267431776
0.6083984375 96229 97436.52138668536 0.40325439695596965
0.6103515625 96229 97448.66429490701 0.4041231658253471
0.6123046875 96045 97412.24853403743 0.4029645976857174
0.6142578125 96459 97464.64855242579 0.40357387913577564
0.6162109375 95977 97522.27009439211 0.40181950631342733
0.6181640625 96432 97474.06956930223 0.40321292529237873
0.6201171875 95864 97483.66383519792 0.40206687134061436
0.6220703125 95464 97480.94912042186 0.4006210919467875
0.6240234375 95412 97447.32794622277 0.4029631381558942
0.6259765625 95742 97465.98561110509 0.40200536611787824
0.6279296875 95818 97476.98626491355 0.4009138113548592
0.6298828125 95476 97492.95257845554 0.40206176884269745
0.6318359375 95422 97478.07970333296 0.3998943918732032
0.6337890625 96245 97503.88806084359 0.4013653385822831
0.6357421875 95921 97578.82745586646 0.4001126243560598
0.6376953125 96207 97596.48323594162 0.40098112358239313
0.6396484375 96157 97613.5388913846 0.4011572847613048
0.6416015625 96278 97560.32374754676 0.40276604111411385
0.6435546875 95928 97502.75918396386 0.401374064326629
0.6455078125 95146 97462.5787685912 0.3985890652557319
0.6474609375 94723 97464.70579131105 0.39856014608921037
0.6494140625 95435 97436.62601135843 0.4014968573568141
0.6513671875 95224 97386.19358858957 0.3992369452654969
0.6533203125 95791 97437.40361433328 0.4022904995086387
0.6552734375 94683 97475.6171542973 0.39808364200515456
0.6572265625 94679 97415.26241214301 0.40054574299312534
0.6591796875 95048 97407.24983143853 0.39985191916132395
0.6611328125 95660 97412.4833585307 0.40236049245626654
0.6630859375 95944 97461.4632743529 0.4008590074620006
0.6650390625 96235 97519.84885276904 0.40224624233000617
0.6669921875 95902 97553.68036940029 0.4011763131034252
0.6689453125 95572 97510.49918784587 0.40103729564604385
0.6708984375 95417 97459.09378064581 0.40070299507819457
0.6728515625 95584 97408.09774946727 0.40172147132001884
0.6748046875 95749 97405.02975339015 0.4015138172516459
0.6767578125 95470 97406.2400294199 0.4005554996140033
0.6787109375 95938 97454.7476452666 0.402752239658111
0.6806640625 95852 97475.63697286547 0.40260754878653215
0.6826171875 95368 97441.78344638624 0.400260214467085
0.6845703125 94785 97349.24647556244 0.4015803075880185
0.6865234375 94826 97299.6434394395 0.40052713165197484
0.6884765625 95456 97301.52871138298 0.4012931378772528
0.6904296875 95627 97348.3121986337 0.4017266005713325
0.6923828125 96010 97401.48680124075 0.4036221313232803
0.6943359375 95328 97384.66342656767 0.40166856276071294
0.6962890625 95703 97420.31442566868 0.4037028131762443
0.6982421875 96271 97403.18160550686 0.40359784012208005
0.7001953125 96475 97453.78310415838 0.40254776538527337
0.7021484375 96540 97563.95355916818 0.4021729168576023
0.7041015625 96299 97632.1412685912 0.4015235537913724
0.7060546875 96499 97675.68302038917 0.40265630737390257
0.7080078125 96418 97644.62373835254 0.40286801850172776
0.7099609375 96147 97600.76494054281 0.401085446589103
0.7119140625 96358 97570.11032506388 0.40300798420724643
0.7138671875 95472 97503.0107827298 0.40136208853575484
0.7158203125 95667 97493.05809700735 0.40118509945022457
0.7177734375 95479 97464.50340184553 0.40108800672127704
0.7197265625 95661 97432.68555900472 0.40171080148151883
0.7216796875 95287 97383.86568322833 0.4023978243059485
0.7236328125 94797 97345.53216941665 0.40102628751279684
0.7255859375 94887 97284.15869667227 0.40208059663545065
0.7275390625 94710 97292.46598663632 0.4023860203678448
0.7294921875 94751 97303.57020778704 0.401375039183957
0.7314453125 94506 97268.24990294882 0.3994370197550275
0.7333984375 94535 97270.4705530796 0.40143102825962335
0.7353515625 95428 97232.76454212831 0.4034123575366093
0.7373046875 94844 97267.55996138297 0.4028338189447932
0.7392578125 94907 97241.69287859448 0.4030654497734251
0.7412109375 94693 97243.13803530419 0.40169087453761837
0.7431640625 94772 97226.08441279682 0.4034739665375282
0.7451171875 95273 97227.67128248463 0.4036717849637313
0.7470703125 94704 97264.86961118682 0.4017682145614675
0.7490234375 94834 97209.48092207273 0.4033018065525805
0.7509765625 94736 97168.99169969615 0.40238707074139357
0.7529296875 95846 97227.2231529897 0.40476019544166525
0.7548828125 95875 97305.39860350457 0.4053808360041606
0.7568359375 96507 97322.99819691744 0.4054626350218682
0.7587890625 96072 97385.58008642386 0.40366386554621847
0.7607421875 96103 97410.69784345226 0.4038009042168776
0.7626953125 96272 97427.96873978277 0.40398818316100443
0.7646484375 95889 97467.3556922182 0.4026124526067843
0.7666015625 96355 97435.5607326726 0.40399402950030605
0.7685546875 95569 97444.82361474192 0.4016753108109244
0.7705078125 95563 97431.51491500343 0.4021876367799064
0.7724609375 95407 97390.89095701062 0.4044554665310102
0.7744140625 95180 97330.0495055559 0.40331704753954567
0.7763671875 94999 97220.71521023879 0.40295474982609136
0.7783203125 95244 97215.05404645979 0.40328747634109474
0.7802734375 95353 97253.46095537611 0.40380201407651456
0.7822265625 95063 97219.88012830845 0.4032741125364827
0.7841796875 95664 97227.83828456867 0.40502127479413197
0.7861328125 95783 97286.67618604787 0.404040276213496
0.7880859375 95360 97310.23364967981 0.40302778000836825
0.7900390625 95991 97350.47586016527 0.4034116697765898
0.7919921875 95942 97430.89465000672 0.4032159097595212
0.7939453125 96589 97480.16053550849 0.40520109240559965
0.7958984375 96149 97509.39872098577 0.4030339994047694
0.7978515625 95622 97470.57995872687 0.40301092852416454
0.7998046875 96059 97416.60633070301 0.40525580826298446
0.8017578125 95545 97299.52748549213 0.4033681206410321
0.8037109375 95142 97265.05648802566 0.4035664445415329
0.8056640625 94778 97253.89380209889 0.40132960704607046
0.8076171875 95076 97236.318067586 0.4028592856870464
0.8095703125 95385 97256.7556544199 0.40298015623217676
0.8115234375 95005 97315.37041312375 0.4028435014162384
0.8134765625 95694 97362.06236719368 0.40308503647790267
0.8154296875 95600 97372.09298892465 0.4037622532974621
0.8173828125 95374 97395.19773618685 0.40120478379935975
0.8193359375 95548 97437.62961752061 0.4021956003805258
0.8212890625 96313 97461.84275396224 0.4026379047260718
0.8232421875 95857 97510.97688684882 0.4014818351636385
0.8251953125 96271 97505.2201291257 0.40271148721852945
0.8271484375 96162 97552.29344250426 0.4014058932305907
0.8291015625 96889 97524.1510552862 0.4025184145039405
0.8310546875 96540 97624.02415004757 0.4013970313084695
0.8330078125 97083 97636.08970455884 0.4038780748574115
0.8349609375 96541 97680.91199636171 0.40152139012968
0.8369140625 96618 97706.97484369745 0.400848013143374
0.8388671875 96914 97723.02750592366 0.4016711083111942
0.8408203125 96506 97729.67640057878 0.4007341491468838
0.8427734375 96737 97653.41624611653 0.4016700091763309
0.8447265625 96311 97650.87083707763 0.39994601553091647
0.8466796875 96173 97626.87906076183 0.3996584080652266
0.8486328125 96428 97627.39497691092 0.4016277025985764
0.8505859375 96051 97659.18741827247 0.3994236383143292
0.8525390625 96468 97654.41328865493 0.4015434372697644
0.8544921875 96129 97651.8884132872 0.3982888276605001
0.8564453125 97139 97648.43099256148 0.4034061886153067
0.8583984375 95716 97649.91414167064 0.39892304614563884
0.8603515625 95646 97574.6829693104 0.39910370036553
0.8623046875 95802 97540.25225257291 0.40028077564271297
0.8642578125 96934 97554.44911531398 0.4026652155310284
0.8662109375 95951 97645.90315973209 0.3978777311046331
0.8681640625 96290 97707.7242154284 0.4001562558440101
0.8701171875 97025 97760.33180267099 0.40063672437927633
0.8720703125 97599 97846.97694303546 0.4016981799922623
0.8740234375 96617 97855.54398904722 0.39761718589242356
0.8759765625 96793 97873.1760838903 0.3977146191237319
0.8779296875 96741 97904.82257784258 0.3982569747767701
0.8798828125 96671 97889.91298218223 0.3980802411434548
0.8818359375 96552 97853.07865621787 0.39847793249746183
0.8837890625 96278 97829.56493134865 0.3961796754123185
0.8857421875 96511 97845.91563827901 0.3980885677044663
0.8876953125 97171 97889.29651744703 0.3980949649719366
0.8896484375 97225 97958.16623590078 0.3966505517818167
0.8916015625 97859 98057.03331868928 0.3966608162719339
0.8935546875 98227 98169.9626614075 0.3965227009417853
0.8955078125 98179 98266.09692709886 0.39599962892302976
0.8974609375 98316 98353.54206848495 0.39461357843825884
0.8994140625 98452 98415.25876511783 0.3954642040867152
0.9013671875 98842 98458.7502145294 0.3960158819829241
0.9033203125 98959 98491.07136216751 0.39663879692497617
0.9052734375 98805 98512.90384929566 0.394858309788234
0.9072265625 99043 98504.45577598739 0.3971330620100644
0.9091796875 98810 98534.45920337382 0.39415371236871183
0.9111328125 98581 98563.44004372196 0.393513362473305
0.9130859375 99024 98635.22789820872 0.39283858247412456
0.9150390625 98920 98687.25439788178 0.3922517199674842
0.9169921875 98592 98719.4348285781 0.3908271064158722
0.9189453125 99468 98781.85794990043 0.39203383217130494
0.9208984375 100217 98856.59997650227 0.39075068330779456
0.9228515625 99979 98959.74771166897 0.39041638843656157
0.9248046875 99694 99050.80503738817 0.3893065084875489
0.9267578125 99999 99112.57180655294 0.38670420313001513
0.9287109375 100735 99224.106918109 0.3886936020959782
0.9306640625 100714 99337.43518612959 0.38776869559190996
0.9326171875 101122 99443.63363231298 0.3867486145479162
0.9345703125 101723 99511.92406627833 0.3864782203985487
0.9365234375 102409 99670.50608348167 0.38586661642803316
0.9384765625 102346 99815.16960199262 0.38482450038540356
0.9404296875 103026 99926.45351830515 0.3846076312282313
0.9423828125 102755 100068.90519777556 0.38214369391314695
0.9443359375 103389 100237.68728546762 0.38133755283599263
0.9462890625 104327 100409.47803612142 0.38154083588115684
0.9482421875 104861 100595.85774558531 0.37883309248554914
0.9501953125 104619 100816.4471436729 0.37653185723180577
0.9521484375 105895 101023.59977218715 0.37717536098704224
0.9541015625 105849 101225.1452374127 0.37418736765449295
0.9560546875 106419 101479.42571612303 0.37334629053364254
0.9580078125 106827 101677.31675996908 0.37229215456674475
0.9599609375 107162 101874.10963550027 0.3696847595851991
0.9619140625 108055 102115.63728444603 0.36844635696554734
0.9638671875 108687 102390.3079590946 0.3666568834822739
0.9658203125 108759 102657.53195999356 0.3628589921528853
0.9677734375 109527 102915.11228138127 0.3623038831386637
0.9697265625 109897 103185.3237475467 0.36083977160418834
0.9716796875 111405 103498.69766467647 0.36051764644967543
0.9736328125 110932 103777.2856887448 0.35461473544229344
0.9755859375 111973 104145.96302917466 0.35409841249762825
0.9775390625 113745 104520.31544724431 0.35291982239983616
0.9794921875 114387 104964.32831399 0.3498854484334423
0.9814453125 115700 105477.93836833781 0.34684541546504866
0.9833984375 117652 106105.11930471407 0.3445012503147748
0.9853515625 119285 106710.23438010637 0.34181041893518255
0.9873046875 120949 107456.14369994124 0.3387993602115448
0.9892578125 123026 108256.03681758587 0.3349615011816469
0.9912109375 124425 109060.30828089085 0.3310707614694034
0.9931640625 124705 109801.54688010625 0.3254908921016159
0.9951171875 124653 110473.89412900296 0.3209645441202977
0.9970703125 124921 110963.21819130646 0.3187980094423887
0.9990234375 122939 111210.82563378708 0.3143657145779528
