toa_extractor/data/crab_nustar_cr250.ecsv
# %ECSV 0.9
# ---
# datatype:
# - {name: phase, datatype: float64}
# - {name: profile, datatype: int64}
# - {name: profile_raw, datatype: float64}
# - {name: expo, datatype: float64}
# meta: !!omap
# - {PEPOCH: 56521.0}
# - {F0: 29.6859809624148}
# - {F1: -3.70186e-10}
# - {F2: 2.1e-20}
# - {RAJ: 5.575548055555555}
# - {DECJ: 22.01446111111111}
# - {mjd: 56537.23936180533}
# schema: astropy-2.0
phase profile profile_raw expo
0.0009765625 120756 111306.50800760547 0.31068950346179675
0.0029296875 117856 111046.66594111575 0.30812590034327425
0.0048828125 113486 110469.0446530729 0.30515274308347157
0.0068359375 107096 109454.7202865427 0.30236110209232664
0.0087890625 103805 108036.87606313525 0.3016026590891922
0.0107421875 101479 106992.19049824719 0.3014645594438833
0.0126953125 99341 106275.6594156463 0.30200799550063084
0.0146484375 97539 105613.25687027698 0.3033617705511512
0.0166015625 96214 105013.09739689615 0.304130131054059
0.0185546875 94944 104464.06097016459 0.3051350778071309
0.0205078125 94155 103972.72525911387 0.30711897578080405
0.0224609375 93043 103534.74965676601 0.30879697850704263
0.0244140625 92585 103150.21984819228 0.30979802982038174
0.0263671875 91966 102847.57660285066 0.3110174707636949
0.0283203125 92513 102595.30906750413 0.3162242997043291
0.0302734375 91773 102355.39960464864 0.31635825875929013
0.0322265625 92281 102121.43642734397 0.3190850780588164
0.0341796875 92521 101991.57748651368 0.32093476616970645
0.0361328125 92313 101885.71029135182 0.3235669370272487
0.0380859375 92797 101751.62016794548 0.3265694668792252
0.0400390625 93264 101641.38767264473 0.32965378293833836
0.0419921875 93886 101494.67464857642 0.3330141028915184
0.0439453125 93511 101404.1059578278 0.33416955233694623
0.0458984375 93874 101296.85568200237 0.3362441973752077
0.0478515625 94086 101148.882789513 0.33924547214780465
0.0498046875 94092 100939.11080520441 0.34216516964253246
0.0517578125 94655 100780.50518449505 0.34515765560445894
0.0537109375 94501 100652.7242256441 0.3477740854006352
0.0556640625 95440 100571.91346232276 0.35192778548039766
0.0576171875 96280 100485.14553877749 0.3546172432082032
0.0595703125 96863 100446.09234022404 0.3565990501785517
0.0615234375 98161 100411.120694057 0.36299862804483446
0.0634765625 97745 100340.69069242247 0.36386208642306206
0.0654296875 99088 100235.14878738816 0.36795062700290015
0.0673828125 99021 100186.25898986447 0.37056677207492095
0.0693359375 100511 100122.22331133387 0.37600912797875125
0.0712890625 100885 100110.8715675042 0.37950660567576516
0.0732421875 102036 100043.07600522896 0.38306115553553327
0.0751953125 103160 99959.1074544362 0.3875805894110398
0.0771484375 103674 99943.14574309262 0.3906403662465382
0.0791015625 104164 99921.9438797386 0.39308653156722895
0.0810546875 103816 99880.10269389354 0.39322901870769555
0.0830078125 104353 99894.36006456208 0.39426993206737343
0.0849609375 104311 99896.89528849148 0.3939713258399807
0.0869140625 104698 99934.56041087623 0.39521505092218606
0.0888671875 103949 99862.4850594542 0.393190681347944
0.0908203125 103752 99793.36338979089 0.394332365416483
0.0927734375 102895 99749.3061151505 0.38997093078342865
0.0947265625 102636 99747.5810569207 0.3892474912582771
0.0966796875 102417 99725.91812070787 0.38872209844726746
0.0986328125 102492 99692.69808863041 0.3883861579737165
0.1005859375 101522 99660.17875531067 0.3865148861646235
0.1025390625 100383 99596.7490039622 0.3840221270930646
0.1044921875 100128 99550.72876144014 0.3852840338462604
0.1064453125 98947 99428.57684802891 0.38112681372945534
0.1083984375 99092 99364.0408221626 0.38166327725395943
0.1103515625 98765 99382.06793988898 0.38158840301978936
0.1123046875 99061 99375.2394113666 0.3799225281890005
0.1142578125 98098 99423.67071040222 0.37742774477515467
0.1162109375 98422 99408.90991745517 0.37701633755338915
0.1181640625 98227 99432.90205132247 0.3775550994365136
0.1201171875 98337 99461.41403440517 0.37585711337211525
0.1220703125 98097 99500.95156709557 0.37494123447730215
0.1240234375 97334 99481.00990928258 0.3734881507858546
0.1259765625 97333 99478.86016161178 0.3740052642702069
0.1279296875 96976 99456.3376052208 0.3733522237279783
0.1298828125 97310 99426.17689604293 0.37365844292982625
0.1318359375 96651 99421.45747691087 0.37251690087645595
0.1337890625 97423 99394.69561641727 0.3740535684118379
0.1357421875 96735 99439.6514281613 0.37202049025866646
0.1376953125 96599 99441.87034161338 0.3723624056556499
0.1396484375 96906 99396.71020962583 0.37192575762227886
0.1416015625 97551 99455.9022760691 0.37326950891934707
0.1435546875 97879 99506.31402214627 0.37445579402425494
0.1455078125 97387 99526.2772300982 0.374268848527705
0.1474609375 97961 99493.39149333783 0.3741139897956066
0.1494140625 97778 99474.40108082556 0.3760518745288679
0.1513671875 97035 99425.05464408152 0.3753466836349852
0.1533203125 97349 99392.39067607728 0.3759316326451802
0.1552734375 97766 99320.81468106258 0.37743409978843984
0.1572265625 98584 99345.35900723125 0.37889089169110385
0.1591796875 98263 99362.57934067355 0.3797912101078735
0.1611328125 98638 99387.88165045615 0.3800068575215068
0.1630859375 98874 99414.91231305014 0.38136122746522877
0.1650390625 99269 99382.2317240096 0.38379812023243853
0.1669921875 99893 99373.55330581738 0.3835871560337611
0.1689453125 100022 99410.56538594977 0.3836876548798171
0.1708984375 99880 99486.51031791285 0.38376565243618954
0.1728515625 99650 99476.66937724594 0.3836262983238245
0.1748046875 99956 99442.20090307138 0.3845201000192345
0.1767578125 100084 99421.25802958333 0.3851502942002717
0.1787109375 100081 99398.41384541366 0.3867804942145822
0.1806640625 100492 99410.13568057222 0.3862165444511061
0.1826171875 100546 99419.5533722198 0.3863231180647343
0.1845703125 100525 99444.47110473042 0.3849851022924853
0.1865234375 100820 99500.16873365328 0.3844540538891558
0.1884765625 100644 99551.40669438391 0.3843647959670798
0.1904296875 100571 99558.05473091545 0.38480757899247764
0.1923828125 100856 99561.80515486935 0.3835864434885463
0.1943359375 100924 99628.20585260555 0.384229401597466
0.1962890625 100492 99653.03681758595 0.38173309224621277
0.1982421875 100586 99695.81992685368 0.3826861764862541
0.2001953125 100350 99675.65323124237 0.3825961637442954
0.2021484375 100124 99671.61526949017 0.3816937651297105
0.2041015625 100315 99655.59563480562 0.38095943369714647
0.2060546875 100390 99635.7132181662 0.38169506218371096
0.2080078125 99709 99624.7977944166 0.3796167625458297
0.2099609375 100031 99622.68623835254 0.3804747614211653
0.2119140625 99771 99609.73254637803 0.3792434972004607
0.2138671875 99091 99602.9231008893 0.3783413322948047
0.2158203125 99296 99565.3650702829 0.37904589579444425
0.2177734375 99205 99602.67900559673 0.37724835532570256
0.2197265625 99867 99690.8863701358 0.3779362177995254
0.2216796875 99731 99819.04122568501 0.3772530743944833
0.2236328125 100117 99856.63485309592 0.3769692451352491
0.2255859375 100610 99903.72353608055 0.3765640263643475
0.2275390625 101043 99991.85738292591 0.37755018159534875
0.2294921875 99817 100078.94126961273 0.37443263236077456
0.2314453125 100303 100082.86840061961 0.37479635303788955
0.2333984375 99924 100121.19763913708 0.37362867462851757
0.2353515625 100267 100162.69240356174 0.3737833132649143
0.2373046875 101016 100177.77530953591 0.3760595941433342
0.2392578125 100627 100174.83768183897 0.37446366704748013
0.2412109375 100702 100169.69296542837 0.3742747873143065
0.2431640625 100898 100216.22849072258 0.3732870630715956
0.2451171875 100763 100300.13647229335 0.37349370795262893
0.2470703125 101201 100346.26818404558 0.37352639388190484
0.2490234375 101261 100399.58070447708 0.37260637906418803
0.2509765625 101212 100480.459193158 0.37238907837272023
0.2529296875 101720 100524.47287205634 0.37282333407858903
0.2548828125 102628 100635.50734512761 0.3732239423660888
0.2568359375 101967 100675.58358532048 0.3720269259536275
0.2587890625 102303 100706.9111126987 0.3717013832117982
0.2607421875 102083 100760.92952149242 0.3710678792901645
0.2626953125 101864 100780.92462303703 0.3706585061440439
0.2646484375 102357 100802.9915311361 0.370962188726565
0.2666015625 102560 100888.0877380256 0.3703315868722941
0.2685546875 103138 100964.73048279516 0.3714088168991768
0.2705078125 102071 101021.40533568824 0.36847805290119023
0.2724609375 102820 101052.47223867942 0.36995725450123057
0.2744140625 103291 101084.32431452119 0.37036731591176386
0.2763671875 103178 101130.00757498213 0.36796981433533765
0.2783203125 103159 101201.0993737726 0.36832897137532
0.2802734375 103483 101220.64072204815 0.3689391346510368
0.2822265625 103595 101305.66414167058 0.3679649066723498
0.2841796875 103302 101324.12127124725 0.368191441585937
0.2861328125 102778 101343.38786163626 0.3649216741702291
0.2880859375 102945 101380.61689379546 0.36538488840933614
0.2900390625 103338 101416.05503738816 0.36508744038155805
0.2919921875 102865 101497.03510644667 0.36333163791520084
0.2939453125 102735 101519.02693384122 0.3627737973749351
0.2958984375 104148 101552.68195284254 0.3645872715816005
0.2978515625 103545 101646.89721926946 0.3623267011456445
0.2998046875 103505 101753.67641590239 0.36088728657250346
0.3017578125 104278 101861.52592758919 0.36156417297717125
0.3037109375 104130 101915.74501981704 0.36078330827171873
0.3056640625 104794 102013.37052549698 0.36036575091386147
0.3076171875 104493 102119.0264690243 0.35824410914663624
0.3095703125 104946 102250.57270553948 0.35891735865059715
0.3115234375 104972 102371.68166169347 0.35778753340241043
0.3134765625 105088 102423.90581072091 0.35731213469927614
0.3154296875 104683 102464.59871996412 0.3567331972506296
0.3173828125 105444 102464.52418580266 0.35763368358217057
0.3193359375 105008 102562.21111882816 0.35598587013268784
0.3212890625 104966 102558.70854445743 0.3540085057013831
0.3232421875 105333 102675.10108491182 0.3540010082339103
0.3251953125 105109 102762.8236760364 0.3532743136780404
0.3271484375 105785 102865.82390078301 0.3529778806979142
0.3291015625 105354 102954.51802059342 0.3519131524008351
0.3310546875 105989 103020.02390486933 0.35217791482390937
0.3330078125 105851 103157.2471702338 0.35137261410788384
0.3349609375 106678 103259.48651519947 0.3501060052116494
0.3369140625 107048 103377.47549239789 0.35020201194078676
0.3388671875 106777 103506.42274333777 0.3494046080295291
0.3408203125 106502 103552.90224031391 0.34846482043765054
0.3427734375 106953 103621.3336415071 0.3467703760383366
0.3447265625 107648 103773.86602545613 0.3470713597131812
0.3466796875 107984 103942.29674730149 0.34610145480302945
0.3486328125 108154 104061.42880128154 0.346755241212813
0.3505859375 108655 104215.67625245018 0.3446837398606102
0.3525390625 108602 104346.20656770848 0.3427152265634122
0.3544921875 108735 104537.10636645804 0.3416245664304027
0.3564453125 109365 104702.52977892946 0.33991521156703197
0.3583984375 110343 104921.47673872022 0.34143526397544355
0.3603515625 110237 105145.39153420078 0.33907079033572735
0.3623046875 110422 105332.70808474833 0.3363294397149079
0.3642578125 110445 105517.16334994938 0.33564501767192517
0.3662109375 110812 105692.98693404549 0.33474709393653784
0.3681640625 111891 105845.28920296507 0.33493881411945015
0.3701171875 111555 106005.46880107718 0.3325998872997558
0.3720703125 111873 106253.45569426124 0.3309382099583491
0.3740234375 112183 106435.77419091045 0.32927498627812984
0.3759765625 112713 106635.53849807785 0.3292871040684324
0.3779296875 112835 106812.58000980555 0.3277172050443501
0.3798828125 112843 107021.86006456199 0.3261169874573724
0.3818359375 113959 107240.15980508176 0.32565483028422176
0.3837890625 113977 107454.35195325107 0.3228087765061077
0.3857421875 114418 107720.55659529098 0.3214638915735767
0.3876953125 114639 108005.67904645964 0.32001328747850555
0.3896484375 114764 108301.95401376924 0.3191115461188535
0.3916015625 115567 108533.77433903891 0.3175816233714485
0.3935546875 115385 108800.5029727836 0.3152225285007499
0.3955078125 115810 109063.94526908139 0.3133811392233798
0.3974609375 116278 109272.72689706439 0.3115969214938044
0.3994140625 115240 109491.50161408792 0.30914421990981056
0.4013671875 114346 109549.85911449653 0.3085279182338688
0.4033203125 113287 109430.02304674563 0.3075467549143901
0.4052734375 111297 109165.87267591366 0.30657121293087775
0.4072265625 109015 108754.14115621767 0.30441168668340235
0.4091796875 106663 108257.45783446217 0.30486466401806384
0.4111328125 104315 107584.28513198587 0.3053762496523661
0.4130859375 102392 106834.15530504081 0.30664458493430885
0.4150390625 99454 106097.23555491827 0.3053940022968881
0.4169921875 97975 105341.55806125203 0.30885018519977936
0.4189453125 95783 104557.9931605492 0.3087712398495198
0.4208984375 93879 103923.46561376104 0.31037355647318254
0.4228515625 93258 103298.90789473521 0.31361352676499665
0.4248046875 92681 102787.59189073065 0.3164794263274714
0.4267578125 91645 102401.52351156263 0.3179016307006011
0.4287109375 90815 101974.65734308439 0.32086704589619475
0.4306640625 91347 101533.22447593011 0.3256287318420818
0.4326171875 90215 101194.43347499028 0.32631735054111927
0.4345703125 90462 100933.12920378234 0.3306299226987811
0.4365234375 90417 100666.1558362603 0.33366669126872833
0.4384765625 90435 100399.43832747477 0.33648730103214
0.4404296875 90458 100162.26304041198 0.3404952082690295
0.4423828125 90762 99982.68738251727 0.3432065433177162
0.4443359375 91367 99843.78615356173 0.3464874191774588
0.4462890625 91204 99717.30838815637 0.34759741447649245
0.4482421875 91964 99586.42604302724 0.3532213337020564
0.4501953125 92016 99413.31833830346 0.3558401781985243
0.4521484375 92730 99284.76429184224 0.36012909189059034
0.4541015625 92774 99174.54047993475 0.3631687524710617
0.4560546875 93364 99000.56435415834 0.3677499911375104
0.4580078125 93517 98850.33939808611 0.369794652990047
0.4599609375 93980 98740.57778787853 0.3731541812088798
0.4619140625 94060 98692.01771922864 0.3762821436000832
0.4638671875 94739 98545.98627512925 0.37991795225510994
0.4658203125 94697 98420.40206664611 0.3824596122778675
0.4677734375 95560 98378.82647004591 0.38512846347607055
0.4697265625 96646 98317.26591103969 0.3895602402353984
0.4716796875 96789 98291.13848990534 0.3927503357828915
0.4736328125 97225 98249.87328885925 0.3943195275871579
0.4755859375 97790 98167.32850808938 0.39791662428027913
0.4775390625 98634 98151.51729527474 0.4019937887692471
0.4794921875 98654 98095.93574799622 0.40217856575037
0.4814453125 98585 98057.24362536627 0.40417934189919397
0.4833984375 99024 97949.24098459315 0.40486207361797644
0.4853515625 99496 97994.31530422375 0.4075450058369345
0.4873046875 100129 98008.2817710021 0.40827485535109215
0.4892578125 99979 98038.30461854217 0.4098222227687666
0.4912109375 99227 97946.70845762354 0.40820213671873395
0.4931640625 100105 97882.03854404888 0.4109231969130988
0.4951171875 99472 97937.15563705312 0.4093851732042687
0.4970703125 99688 97867.96243155295 0.4090703915566243
0.4990234375 98538 97836.06938031073 0.40636740416933004
0.5009765625 98467 97835.35231080271 0.40531406931752695
0.5029296875 98031 97829.1711701113 0.40490440256248217
0.5048828125 98061 97808.06962548889 0.4040786556671804
0.5068359375 97035 97744.55029216917 0.4026632584041198
0.5087890625 97294 97745.42683474845 0.4019167613342972
0.5107421875 96339 97765.64326577165 0.3992134989764713
0.5126953125 96806 97786.76858756799 0.3994520254015936
0.5146484375 96836 97754.23342493315 0.40107687210072895
0.5166015625 95518 97732.7911388511 0.396878752498203
0.5185546875 95315 97611.99505046435 0.39625590860525733
0.5205078125 95123 97583.36408957027 0.397098666221378
0.5224609375 95025 97577.98805777884 0.39631069256883567
0.5244140625 94376 97533.8201924634 0.3945287025734495
0.5263671875 94031 97526.36883989719 0.39410628140808823
0.5283203125 93904 97511.88679408972 0.39335472466342164
0.5302734375 93866 97465.77195365986 0.3952152787719047
0.5322265625 93930 97459.8228587759 0.3942381545977663
0.5341796875 94266 97482.38246771676 0.3941627814597228
0.5361328125 94233 97570.08356999689 0.39466178607775715
0.5380859375 94179 97573.67836711198 0.3927512479513581
0.5400390625 94670 97563.60381251895 0.39365134806979024
0.5419921875 95000 97591.97809741598 0.3954099152157898
0.5439453125 94935 97664.8643705036 0.39489775544500094
