toa_extractor/data/crab_512.ecsv
# %ECSV 0.9
# ---
# datatype:
# - {name: phase, datatype: float64}
# - {name: profile, datatype: float64}
# - {name: profile_raw, datatype: float64}
# meta: !!omap
# - {PEPOCH: 56521.0}
# - {F0: 29.6859809624148}
# - {F1: -3.70186e-10}
# - {F2: 2.1e-20}
# - {RAJ: 5.575548055555555}
# - {DECJ: 22.01446111111111}
# - {mjd: 56537.23936180533}
# schema: astropy-2.0
phase profile profile_raw
[from data line 323]
0.6318359375 97478.07970333296 97478.07970333296
0.6337890625 97503.88806084359 97503.88806084359
0.6357421875 97578.82745586646 97578.82745586646
0.6376953125 97596.48323594162 97596.48323594162
0.6396484375 97613.5388913846 97613.5388913846
0.6416015625 97560.32374754676 97560.32374754676
0.6435546875 97502.75918396386 97502.75918396386
0.6455078125 97462.5787685912 97462.5787685912
0.6474609375 97464.70579131105 97464.70579131105
0.6494140625 97436.62601135843 97436.62601135843
0.6513671875 97386.19358858957 97386.19358858957
0.6533203125 97437.40361433328 97437.40361433328
0.6552734375 97475.6171542973 97475.6171542973
0.6572265625 97415.26241214301 97415.26241214301
0.6591796875 97407.24983143853 97407.24983143853
0.6611328125 97412.4833585307 97412.4833585307
0.6630859375 97461.4632743529 97461.4632743529
0.6650390625 97519.84885276904 97519.84885276904
0.6669921875 97553.68036940029 97553.68036940029
0.6689453125 97510.49918784587 97510.49918784587
0.6708984375 97459.09378064581 97459.09378064581
0.6728515625 97408.09774946727 97408.09774946727
0.6748046875 97405.02975339015 97405.02975339015
0.6767578125 97406.2400294199 97406.2400294199
0.6787109375 97454.7476452666 97454.7476452666
0.6806640625 97475.63697286547 97475.63697286547
0.6826171875 97441.78344638624 97441.78344638624
0.6845703125 97349.24647556244 97349.24647556244
0.6865234375 97299.6434394395 97299.6434394395
0.6884765625 97301.52871138298 97301.52871138298
0.6904296875 97348.3121986337 97348.3121986337
0.6923828125 97401.48680124075 97401.48680124075
0.6943359375 97384.66342656767 97384.66342656767
0.6962890625 97420.31442566868 97420.31442566868
0.6982421875 97403.18160550686 97403.18160550686
0.7001953125 97453.78310415838 97453.78310415838
0.7021484375 97563.95355916818 97563.95355916818
0.7041015625 97632.1412685912 97632.1412685912
0.7060546875 97675.68302038917 97675.68302038917
0.7080078125 97644.62373835254 97644.62373835254
0.7099609375 97600.76494054281 97600.76494054281
0.7119140625 97570.11032506388 97570.11032506388
0.7138671875 97503.0107827298 97503.0107827298
0.7158203125 97493.05809700735 97493.05809700735
0.7177734375 97464.50340184553 97464.50340184553
0.7197265625 97432.68555900472 97432.68555900472
0.7216796875 97383.86568322833 97383.86568322833
0.7236328125 97345.53216941665 97345.53216941665
0.7255859375 97284.15869667227 97284.15869667227
0.7275390625 97292.46598663632 97292.46598663632
0.7294921875 97303.57020778704 97303.57020778704
0.7314453125 97268.24990294882 97268.24990294882
0.7333984375 97270.4705530796 97270.4705530796
0.7353515625 97232.76454212831 97232.76454212831
0.7373046875 97267.55996138297 97267.55996138297
0.7392578125 97241.69287859448 97241.69287859448
0.7412109375 97243.13803530419 97243.13803530419
0.7431640625 97226.08441279682 97226.08441279682
0.7451171875 97227.67128248463 97227.67128248463
0.7470703125 97264.86961118682 97264.86961118682
0.7490234375 97209.48092207273 97209.48092207273
0.7509765625 97168.99169969615 97168.99169969615
0.7529296875 97227.2231529897 97227.2231529897
0.7548828125 97305.39860350457 97305.39860350457
0.7568359375 97322.99819691744 97322.99819691744
0.7587890625 97385.58008642386 97385.58008642386
0.7607421875 97410.69784345226 97410.69784345226
0.7626953125 97427.96873978277 97427.96873978277
0.7646484375 97467.3556922182 97467.3556922182
0.7666015625 97435.5607326726 97435.5607326726
0.7685546875 97444.82361474192 97444.82361474192
0.7705078125 97431.51491500343 97431.51491500343
0.7724609375 97390.89095701062 97390.89095701062
0.7744140625 97330.0495055559 97330.0495055559
0.7763671875 97220.71521023879 97220.71521023879
0.7783203125 97215.05404645979 97215.05404645979
0.7802734375 97253.46095537611 97253.46095537611
0.7822265625 97219.88012830845 97219.88012830845
0.7841796875 97227.83828456867 97227.83828456867
0.7861328125 97286.67618604787 97286.67618604787
0.7880859375 97310.23364967981 97310.23364967981
0.7900390625 97350.47586016527 97350.47586016527
0.7919921875 97430.89465000672 97430.89465000672
0.7939453125 97480.16053550849 97480.16053550849
0.7958984375 97509.39872098577 97509.39872098577
0.7978515625 97470.57995872687 97470.57995872687
0.7998046875 97416.60633070301 97416.60633070301
0.8017578125 97299.52748549213 97299.52748549213
0.8037109375 97265.05648802566 97265.05648802566
0.8056640625 97253.89380209889 97253.89380209889
0.8076171875 97236.318067586 97236.318067586
0.8095703125 97256.7556544199 97256.7556544199
0.8115234375 97315.37041312375 97315.37041312375
0.8134765625 97362.06236719368 97362.06236719368
0.8154296875 97372.09298892465 97372.09298892465
0.8173828125 97395.19773618685 97395.19773618685
0.8193359375 97437.62961752061 97437.62961752061
0.8212890625 97461.84275396224 97461.84275396224
0.8232421875 97510.97688684882 97510.97688684882
0.8251953125 97505.2201291257 97505.2201291257
0.8271484375 97552.29344250426 97552.29344250426
0.8291015625 97524.1510552862 97524.1510552862
0.8310546875 97624.02415004757 97624.02415004757
0.8330078125 97636.08970455884 97636.08970455884
0.8349609375 97680.91199636171 97680.91199636171
0.8369140625 97706.97484369745 97706.97484369745
0.8388671875 97723.02750592366 97723.02750592366
0.8408203125 97729.67640057878 97729.67640057878
0.8427734375 97653.41624611653 97653.41624611653
0.8447265625 97650.87083707763 97650.87083707763
0.8466796875 97626.87906076183 97626.87906076183
0.8486328125 97627.39497691092 97627.39497691092
0.8505859375 97659.18741827247 97659.18741827247
0.8525390625 97654.41328865493 97654.41328865493
0.8544921875 97651.8884132872 97651.8884132872
0.8564453125 97648.43099256148 97648.43099256148
0.8583984375 97649.91414167064 97649.91414167064
0.8603515625 97574.6829693104 97574.6829693104
0.8623046875 97540.25225257291 97540.25225257291
0.8642578125 97554.44911531398 97554.44911531398
0.8662109375 97645.90315973209 97645.90315973209
0.8681640625 97707.7242154284 97707.7242154284
0.8701171875 97760.33180267099 97760.33180267099
0.8720703125 97846.97694303546 97846.97694303546
0.8740234375 97855.54398904722 97855.54398904722
0.8759765625 97873.1760838903 97873.1760838903
0.8779296875 97904.82257784258 97904.82257784258
0.8798828125 97889.91298218223 97889.91298218223
0.8818359375 97853.07865621787 97853.07865621787
0.8837890625 97829.56493134865 97829.56493134865
0.8857421875 97845.91563827901 97845.91563827901
0.8876953125 97889.29651744703 97889.29651744703
0.8896484375 97958.16623590078 97958.16623590078
0.8916015625 98057.03331868928 98057.03331868928
0.8935546875 98169.9626614075 98169.9626614075
0.8955078125 98266.09692709886 98266.09692709886
0.8974609375 98353.54206848495 98353.54206848495
0.8994140625 98415.25876511783 98415.25876511783
0.9013671875 98458.7502145294 98458.7502145294
0.9033203125 98491.07136216751 98491.07136216751
0.9052734375 98512.90384929566 98512.90384929566
0.9072265625 98504.45577598739 98504.45577598739
0.9091796875 98534.45920337382 98534.45920337382
0.9111328125 98563.44004372196 98563.44004372196
0.9130859375 98635.22789820872 98635.22789820872
0.9150390625 98687.25439788178 98687.25439788178
0.9169921875 98719.4348285781 98719.4348285781
0.9189453125 98781.85794990043 98781.85794990043
0.9208984375 98856.59997650227 98856.59997650227
0.9228515625 98959.74771166897 98959.74771166897
0.9248046875 99050.80503738817 99050.80503738817
0.9267578125 99112.57180655294 99112.57180655294
0.9287109375 99224.106918109 99224.106918109
0.9306640625 99337.43518612959 99337.43518612959
0.9326171875 99443.63363231298 99443.63363231298
0.9345703125 99511.92406627833 99511.92406627833
0.9365234375 99670.50608348167 99670.50608348167
0.9384765625 99815.16960199262 99815.16960199262
0.9404296875 99926.45351830515 99926.45351830515
0.9423828125 100068.90519777556 100068.90519777556
0.9443359375 100237.68728546762 100237.68728546762
0.9462890625 100409.47803612142 100409.47803612142
0.9482421875 100595.85774558531 100595.85774558531
0.9501953125 100816.4471436729 100816.4471436729
0.9521484375 101023.59977218715 101023.59977218715
0.9541015625 101225.1452374127 101225.1452374127
0.9560546875 101479.42571612303 101479.42571612303
0.9580078125 101677.31675996908 101677.31675996908
0.9599609375 101874.10963550027 101874.10963550027
0.9619140625 102115.63728444603 102115.63728444603
0.9638671875 102390.3079590946 102390.3079590946
0.9658203125 102657.53195999356 102657.53195999356
0.9677734375 102915.11228138127 102915.11228138127
0.9697265625 103185.3237475467 103185.3237475467
0.9716796875 103498.69766467647 103498.69766467647
0.9736328125 103777.2856887448 103777.2856887448
0.9755859375 104145.96302917466 104145.96302917466
0.9775390625 104520.31544724431 104520.31544724431
0.9794921875 104964.32831399 104964.32831399
0.9814453125 105477.93836833781 105477.93836833781
0.9833984375 106105.11930471407 106105.11930471407
0.9853515625 106710.23438010637 106710.23438010637
0.9873046875 107456.14369994124 107456.14369994124
0.9892578125 108256.03681758587 108256.03681758587
0.9912109375 109060.30828089085 109060.30828089085
0.9931640625 109801.54688010625 109801.54688010625
0.9951171875 110473.89412900296 110473.89412900296
0.9970703125 110963.21819130646 110963.21819130646
0.9990234375 111210.82563378708 111210.82563378708
